0.032464
0.032078
0.0319829
0.0319841
0.031997
0.0319829
0.0337942
0.0311618
0.0319901
0.0264001
0.0301659
0.0319881
0.031992
0.031976
0.032346
0.033355
0.0315909
0.0324049
0.0432441
0.0299699
0.0324531
0.023994
0.0240018
0.0327382
0.0328579
0.024322
0.032912
0.031996
0.023988
0.040323
0.042707
0.0221789
0.0319781
0.031985
0.0319879
0.039983
0.0319929
0.023982
0.031992
0.0239961
0.0319819
0.032172
0.032352
0.032006
0.0399649
0.0326471
0.0256829
0.039753
0.048605
0.0413382
0.02525
0.0316739
0.0319581
0.0320129
0.0294781
0.0406048
0.025727
0.032311
0.0319061
0.0251079
0.0407271
0.026614
0.0296769
0.0244951
0.032223
0.031986
0.026485
0.0413549
0.036689
0.0382051
0.0302629
0.0320709
0.0245121
0.0316632
0.0325279
0.0325489
0.0261641
0.03104
0.032068
0.0319881
0.0322309
0.0326262
0.024261
0.0319798
0.0319922
0.0319819
0.032727
0.024667
0.0336828
0.0247271
0.0316601
0.032608
0.0347559
0.0218549
0.0403252
0.0319779
0.031986
0.023998
0.0319779
0.0327742
