0.0310919
0.0241489
0.02425
0.042028
0.0397601
0.0325799
0.024869
0.0245502
0.0252619
0.0315871
0.0240719
0.0325749
0.0244381
0.0275991
0.022089
0.0353611
0.0195298
0.0236659
0.024276
0.0246
0.0249052
0.0241029
0.0255148
0.02549
0.030669
0.0250061
0.0246949
0.0237172
0.0246439
0.023994
0.0346301
0.028286
0.0256519
0.031657
0.032419
0.025449
0.022243
0.024348
0.031913
0.032799
0.0250349
0.0246031
0.0186691
0.0236659
0.0239921
0.0244272
0.023988
0.024291
0.0321851
0.0320649
0.023587
0.023993
0.0244522
0.0247829
0.0263572
0.024076
0.0238202
0.0247419
0.0248539
0.028034
0.0242281
0.0239272
0.031461
0.0243769
0.0324891
0.0242209
0.0209961
0.024704
0.0299821
0.024837
0.024797
0.0256832
0.0240779
0.0235
0.024842
0.0324678
0.023988
0.0239019
0.02528
0.024478
0.0242698
0.0245399
0.0218561
0.032438
0.0247309
0.0243289
0.025121
0.0304279
0.023912
0.030803
0.0276461
0.0244429
0.032393
0.024076
0.023886
0.0244348
0.0239921
0.0193861
0.0258071
0.024333
