0
0.00658393
0.00174308
0
0.00676084
0.00300312
0.00501299
0.00803208
0
0.0081799
0.00409102
0
0.00483108
0.00509095
0.00258994
0.00345397
0
0
0.0037272
0.0050869
0
0.00813603
0.006778
0.00150394
0.010932
0
0.009094
0.00501513
0.00356102
0.00483584
0.00504208
0.00301695
0
0.00824904
0
0.00864697
0
0.00824809
0.0018909
0.0084691
0.00636697
0
0.00825
0.00201488
0.00619507
0
0.00858307
0.00225687
0
0.00827909
0
0.00596809
0.00378084
0.00471616
0.00508785
0.00309896
0
0.00722408
0.00104403
0
0.00859189
0
0.00836706
0.00161815
0
0
0.00458598
0.00509501
0.00302696
0
0.00820899
0
0
0.01074
0
0.00613594
0.00159311
0.00678205
0.00319481
0.00508499
0
0.00508714
0.00312901
0.00676608
0.00150585
0
0.00872111
0.00500488
0.00450802
0.00679994
0.00361419
0.00457001
0.00810981
0
0.00826001
0.00915313
0.00200391
0.00764513
0.00237989
0.003021
