0.040899
0.0248239
0.032279
0.0401111
0.03269
0.0486109
0.0443439
0.044951
0.048187
0.040683
0.0245869
0.0329311
0.0402889
0.0406802
0.0404708
0.033211
0.0325022
0.0250199
0.0325429
0.0344832
0.031518
0.0238729
0.0350761
0.0301919
0.0249031
0.033128
0.024447
0.0324531
0.0322819
0.032382
0.024184
0.0371761
0.028636
0.0245759
0.032949
0.0342851
0.030997
0.0240729
0.0415311
0.034842
0.0215859
0.0347519
0.0310221
0.0240121
0.032408
0.03262
0.032747
0.03193
0.0324941
0.0253439
0.0471389
0.0331891
0.0243511
0.0328228
0.0328081
0.035403
0.0316682
0.0362508
0.029474
0.03126
0.0241392
0.0400598
0.032522
0.0246012
0.0247819
0.0326979
0.0322111
0.034687
0.0310829
0.0319781
0.0319948
0.0319781
0.027164
0.0296819
0.024559
0.0323119
0.033623
0.0315361
0.0343971
0.0216868
0.0326571
0.024245
0.033272
0.0235279
0.033376
0.039464
0.0244541
0.0329299
0.0354531
0.021332
0.0331519
0.0244141
0.0329659
0.0323381
0.023988
0.0326519
0.0273721
0.0293028
0.0406332
0.0246179
