0.0199361
0.018877
0.0189362
0.0183651
0.0183649
0.018194
0.017889
0.0189221
0.0189121
0.0179839
0.0169361
0.0179479
0.0188539
0.017024
0.0169401
0.0174909
0.0172541
0.0174069
0.0174241
0.0159369
0.015027
0.0151291
0.015753
0.0149498
0.0139449
0.0141351
0.0142179
0.01404
0.0128801
0.0131428
0.013201
0.0120451
0.011956
0.0117731
0.0137029
0.01196
0.012059
0.0109639
0.011029
0.011019
0.011018
0.00989103
0.0100501
0.00988388
0.00896907
0.00897098
0.00804901
0.00898099
0.00796485
0.00889111
0.00797296
0.00697803
0.007972
0.00747609
0.00740504
0.00598192
0.00617504
0.00598097
0.00498414
0.00605392
0.00617599
0.00541496
0.00467801
0.00506496
0.00398111
0.00490808
0.00398588
0.00398707
0.00299001
0.00417686
0.00399399
0.00398517
0.00299501
0.00393796
0.00403094
0.00298405
0.00299788
0.00398517
0.00299501
0.00290489
0.00206304
0.00299501
0.00199509
0.0019908
0.00200605
0.00207496
0.00199509
0.000995874
0.00199318
0.000993967
0.000996828
0.000995159
0.00099802
0.000999928
0.00100207
0
0.000994921
0
0.00099206
0
