0
0
0.00817704
0
0
0
0
0.008358
0
0.00550199
0.0026269
0.00100112
0.00437808
0.00401592
0
0.00685
0.00393701
0.00660706
0.00439882
0.00321913
0.00638008
0.00370979
0.00466609
0
0.00841689
0
0.00928521
0.00738692
0
0.00801206
0.00810599
0
0.00846791
0.0084579
0
0.00802422
0.008075
0.00825095
0
0.0126259
0.00488305
0.00825191
0.00793505
0.00810599
0.00838113
0.0126789
0.00823212
0.012095
0.00798893
0.00844908
0.00823188
0.00828505
0.0168631
0.00841498
0.016701
0.00847292
0.00849891
0.0170872
0.0159569
0.00903893
0.0159221
0.00943899
0.015363
0.0173399
0.00740004
0.0169652
0.0160408
0.016958
0.00906301
0.0161662
0.0177588
0.022804
0.0167751
0.024549
0.0199928
0.021405
0.0327971
0.0246
0.0245509
0.0246241
0.0244889
0.0274899
0.0231681
0.0235131
0.032865
0.0244598
0.032706
0.0335729
0.033
0.0324192
0.0295429
0.02895
0.024327
0.033421
0.0249259
0.0244939
0.0327351
0.024436
0.033042
0.0243759
