0.00600719
0
0.00800085
0
0.00914001
0.00700212
0.0164418
0.00819206
0.01636
0.016818
0.016428
0.0159109
0.0165861
0.0237541
0.0161479
0.0243831
0.032064
0.0319951
0.0264111
0.030165
0.032563
0.031986
0.0399821
0.032588
0.0358498
0.0365891
0.0502009
0.0488811
0.03861
0.0480659
0.0479801
0.040143
0.0487289
0.0518191
0.04459
0.047828
0.057116
0.0565209
0.05597
0.0559812
0.0642948
0.0750432
0.0621569
0.0727739
0.0643342
0.0727289
0.0648351
0.071964
0.080621
0.0804029
0.0720541
0.080533
0.072403
0.096319
0.080538
0.096823
0.089169
0.0892489
0.0973251
0.104043
0.088259
0.0967529
0.096328
0.104084
0.111947
0.105088
0.104563
0.114812
0.111663
0.104847
0.124707
0.115679
0.12566
0.104887
0.121351
0.11656
0.127219
0.121707
0.122991
0.128843
0.13006
0.128796
0.137733
0.137495
0.129459
0.138498
0.145716
0.137185
0.138374
0.154664
0.146411
0.145926
0.145026
0.150388
0.159451
0.214692
0.166923
0.166559
0.187414
0.163321
