0.013356
0.033335
0.0639992
0.0983629
0.130044
0.153962
0.170492
0.187999
0.235924
0.263405
0.271322
0.338483
0.324866
0.355435
0.379832
0.394951
0.426191
0.467023
0.485446
0.509543
0.532611
0.557807
0.580785
0.605102
0.630631
0.665621
1.41926
1.5198
1.59039
1.64405
1.69195
1.73855
1.80634
1.84611
1.92978
1.99018
2.04084
2.07175
2.14209
2.18994
2.24676
2.30137
2.35017
2.41586
2.46326
2.51969
2.57363
2.64058
2.6887
2.73812
2.80074
2.85896
2.92369
2.9646
3.0254
3.08327
3.13191
3.19212
3.23866
3.29484
3.36191
3.41824
3.47794
3.53987
3.6052
3.63977
3.7164
3.76694
3.82599
3.88101
3.96072
3.98513
4.02819
4.09252
4.15659
4.19643
4.25452
4.32236
4.3693
4.44566
4.49697
4.55052
4.60045
4.64956
4.72659
4.76932
4.83793
4.88145
4.94479
4.99375
5.04574
5.09091
5.1588
5.21006
5.17754
5.31299
5.38786
5.43525
5.48388
5.54789
