1005
2005
3005
4005
5005
6005
7005
8005
9005
10005
11005
12005
13005
14005
15005
16005
17005
18005
19005
20005
21005
22005
23005
24005
25005
26005
27005
28005
29005
30005
31005
32005
33005
34005
35005
36005
37005
38005
39005
40005
41005
42005
43005
44005
45005
46005
47005
48005
49005
50005
51005
52005
53005
54005
55005
56005
57005
58005
59005
60005
61005
62005
63005
64005
65005
66005
67005
68005
69005
70005
71005
72005
73005
74005
75005
76005
77005
78005
79005
80005
81005
82005
83005
84005
85005
86005
87005
88005
89005
90005
91005
92005
93005
94005
95005
96005
97005
98005
99005
100005
