0.0150981
0.0543921
0.073941
0.105286
0.122114
0.142753
0.18025
0.194335
0.228599
0.31164
0.302331
0.328546
0.392166
0.367922
0.469867
0.4585
0.490745
0.507538
0.495665
0.494063
0.53793
0.558075
0.556016
0.599419
1.21892
1.38232
1.46571
1.52559
1.5743
1.61427
1.67396
1.73672
1.79277
1.81449
1.90527
1.9673
2.01057
2.08753
2.1274
2.18218
2.24746
2.29823
2.34721
2.41362
2.46045
2.51612
2.57948
2.61028
2.69263
2.73425
2.78866
2.82893
2.90806
2.9484
3.01599
3.05114
3.11697
3.1512
3.21902
3.30227
3.34072
3.39773
3.43269
3.50425
3.56364
3.62728
3.66905
3.71832
3.78155
3.81902
3.87815
3.93025
4.00555
4.09292
4.13551
4.17715
4.20957
4.28243
4.35746
4.40989
4.49062
4.5259
4.58411
4.60476
4.69823
4.73235
4.78339
4.85272
4.90582
4.96965
5.02954
5.07559
5.15531
5.19694
5.23169
5.20849
5.34104
5.40813
5.46158
5.49873
