0.0113859
0.0242541
0.0484719
0.0613911
0.0927351
0.12752
0.147756
0.184306
0.210523
0.204845
0.221338
0.272254
0.274751
0.301784
0.317821
0.34358
0.407952
0.39502
0.443747
0.473199
0.5197
0.523581
0.543367
0.547709
0.557441
0.598238
0.620703
0.660792
1.06561
1.51909
1.60836
1.65809
1.70861
1.77467
1.8557
1.91093
1.99303
2.05506
2.1281
2.20879
2.28832
2.37579
2.43299
2.59623
2.62802
2.71329
2.80654
2.92277
3.04016
3.09897
3.1865
3.23134
3.39093
3.49984
3.56602
3.72967
3.76403
3.72744
3.76523
3.87216
4.0002
4.08376
4.12044
4.19869
4.30212
4.3282
4.47776
4.55687
4.61187
4.73587
4.82067
4.87779
4.98886
5.05903
5.11881
5.17738
5.3267
5.23781
5.26732
5.37055
5.45506
5.45994
5.54604
5.64872
5.70994
5.79235
5.92714
6.06269
6.28222
6.3651
6.46474
6.56702
6.61578
6.73508
6.8195
6.84526
6.97813
7.35289
7.34012
7.16372
