0.0166991
0.0348229
0.071003
0.0813601
0.0837419
0.11219
0.152844
0.245606
0.177975
0.222624
0.252067
0.294772
0.288097
0.316854
0.324362
0.340939
0.363252
0.408021
0.39829
0.455116
0.491704
0.496967
0.518469
0.546839
0.554041
0.589101
0.640217
0.642437
0.697761
0.701194
0.698305
0.737589
0.739516
0.796834
0.809978
0.85497
0.883406
0.889726
0.905134
0.971789
0.992886
1.00993
1.42941
1.59735
1.66453
1.70376
1.70887
1.85414
1.90617
1.91196
1.9892
2.0665
2.10644
2.14163
2.26247
2.30603
2.37302
2.41173
2.47247
2.51648
2.59374
2.603
2.73535
2.80612
2.81147
2.95181
2.93591
2.95758
2.9008
3.06078
3.05759
3.09715
3.19521
3.19215
3.25029
3.37136
3.36855
3.40968
3.45214
3.55015
3.50922
3.61519
3.65572
3.68542
3.74649
3.86865
3.90834
3.93601
3.96059
4.00669
4.02284
4.15305
4.15454
4.15579
4.16127
4.26083
4.29832
4.36471
4.39431
4.39385
