0.00159502
0.00785685
0.00354624
0.00107813
0.00357604
0.00550818
0.00307703
0.00794768
0.00253725
0.00199294
0.00216699
0.000989914
0.00258207
0.00629187
0.00413036
0.000648022
0.00212789
0.00198674
0.00906682
0.00296974
0.00683403
0.00208712
0.00199485
0.00096488
0.00307202
0.00159717
0.00506687
0.00708914
0.00191402
0.00715995
0.00303721
0.00222206
0.00502968
0.00415063
0.00648761
0.00502229
0.0022409
0.00658894
0.00398493
0.000995874
0.00534225
0.00250196
0.00323701
0.0059402
0.00199389
0.00498414
0.00395298
0.00298095
0
0.00498414
0.00665689
0.00398874
0.00463891
0.00401115
0.00449276
0.000997066
0.00973415
0.00299096
0.00398636
0.00349522
0.00533414
0.000996113
0.00188208
0.0019958
0.004071
0.00290823
0.00535393
0.000996828
0.00398088
0.00349569
0.00449085
0.00249481
0.0074892
0.00996518
0.0039978
0.00398731
0.00400805
0.000997066
0.00429702
0.00205207
0.00199294
0.00579524
0.00398684
0.00300908
0.00491214
0.00238609
0.00246406
0.00503898
0.00798917
0.00240922
0.00299883
0.000997066
0
0.00748467
0.00199175
0.00435996
0.00300097
0.0019989
0.00211024
0.00199485
