0.0401771
0.015311
0.014766
0.0141709
0.0152531
0.0136521
0.0145791
0.014282
0.0157719
0.0149271
0.0139539
0.013263
0.013799
0.0144351
0.0140231
0.0162439
0.0159831
0.0169549
0.013942
0.013953
0.0139551
0.015945
0.0154231
0.013943
0.014554
0.0139439
0.0129559
0.01525
0.0151651
0.0150609
0.0140009
0.013943
0.014411
0.013782
0.016156
0.0132821
0.0133581
0.0139549
0.0133231
0.014257
0.0142059
0.0145772
0.012969
0.0140259
0.0139461
0.017633
0.013958
0.013947
0.0132561
0.0132768
0.0141182
0.0132079
0.0132229
0.0157351
0.0149598
0.013942
0.0193191
0.016943
0.0141881
0.014102
0.013953
0.0119591
0.0142059
0.013351
0.0139651
0.0134599
0.0124772
0.0150969
0.012955
0.011966
0.0109611
0.011878
