986
1933
2863
3765
4645
5506
6334
7136
7919
8673
9383
10058
10749
11413
12076
12697
13280
13877
14461
15021
15535
16072
16594
17052
17501
17945
18405
18822
19212
19614
20008
20381
20786
21147
21493
21821
22148
22477
22775
23059
23355
23635
23914
24186
24442
24699
24961
25189
25421
25645
25856
26072
26291
26486
26669
26867
27054
27215
27374
27528
27671
27825
27995
28152
28286
28422
28549
28689
28810
28927
29035
29139
29245
29353
29470
29570
29661
29740
29822
29911
29983
30080
30159
30247
30309
30403
30481
30543
30617
30690
30746
30813
30868
30937
30995
31056
31122
31169
31211
31262
