0.00100398
0.00191212
0.00108385
0.000995159
0.000996828
0.00099802
0.000993013
0.000996113
0.00099802
0.000999928
0.000989914
0.00099802
0.000906944
0.00109506
0.000990868
0.000999212
0.000914812
0.000997066
0.00107503
0.00099802
0.000997066
0.000995874
0.000996113
0.000503063
0.000997782
0.000997066
0.000997066
0.000995874
0.000997066
0.000997066
0.000995874
0.000997066
0.000997066
0.000997066
0.00201297
0.000362873
0.00199699
0.000996113
0.00107193
0.000993967
0.00099802
0.00100398
0.00098896
0.000996113
0.00100398
0.000989914
0.0006001
0.00207806
0.000917912
0.000994921
0.00099802
0.000996113
0.000995874
0.000997066
0.00208211
0
0.00158501
0.00158596
0
0.00107694
0.00101495
0.000980139
0.00191998
0.000995874
0.000996113
0.000997066
0.000998974
0.00166488
0.00108004
0.00099206
0.000993967
0.000997066
0.000995874
0.00099802
0.000996113
0.000997782
0.000995159
0.000998974
0
0.00248194
0.00200105
0.000997066
0.000504017
0.000998974
0.000995874
0.000997066
0.000996113
0.000996828
0.000997066
0.00150204
0.000943899
0.000998974
0.000997066
0.000997066
0.00199485
0.00101399
0.00105619
0.000991821
0.000996113
0.00099802
