0.062453
0.0634661
0.0629089
0.0629089
0.071094
0.071094
0.0788369
0.0788369
0.07971
0.07971
0.0853331
0.0853331
0.088937
0.088937
0.0931518
0.0931518
0.0937331
0.0937331
0.100513
0.100513
0.0955791
0.0955791
0.102582
0.102582
0.096566
0.096566
0.103514
0.103514
0.0956521
0.0956521
0.092984
0.092984
0.103483
0.103483
0.114133
0.114133
0.112704
0.112704
0.117372
0.117372
0.109716
0.109716
0.107656
0.108653
0.110236
0.110236
0.112579
0.112579
0.104494
0.104494
0.107753
0.107753
0.109537
0.109537
0.110868
0.110868
0.108851
0.108851
0.110423
0.110423
0.105543
0.105543
0.11103
0.11103
0.124739
0.124739
0.11847
0.11847
0.112905
0.112905
0.119297
0.119297
0.118974
0.118974
0.116155
0.116155
0.112691
0.112691
0.115482
0.115482
0.116876
0.116876
0.122685
0.122685
0.119221
0.119747
0.12093
0.12093
0.126508
0.126508
0.119291
0.119291
0.121588
0.121588
0.117161
0.117161
0.116075
0.116075
0.116559
0.116559
