0.0454409
0.0514441
0.054004
0.066134
0.056133
0.0628481
0.063369
0.0748389
0.0792332
0.077899
0.075701
0.077147
0.0789909
0.0838561
0.081219
0.076308
0.077755
0.0811009
0.0786431
0.08425
0.0844471
0.0866508
0.083972
0.0864801
0.0838499
0.0883641
0.088733
0.090966
0.0869949
0.0953071
0.089541
0.0974419
0.101808
0.0965199
0.095273
0.0930851
0.09885
0.0933738
0.0945282
0.096231
0.104042
0.109149
0.109173
0.113754
0.107783
0.11123
0.108743
0.11103
0.106311
0.109362
0.113086
0.112597
0.107807
0.112754
0.115333
0.115995
0.107966
0.105823
0.107983
0.107787
0.113234
0.104914
0.110939
0.105697
0.115653
0.111679
0.104278
0.10978
0.110356
0.116519
0.113934
0.108145
0.116055
0.11803
0.114701
0.116477
0.114442
0.111675
0.113973
0.125912
0.111643
0.120437
0.115648
0.115805
0.114877
0.112328
0.114452
0.117789
0.123164
0.127129
0.126175
0.118802
0.120853
0.117353
0.121112
0.114424
0.118133
0.12074
0.122767
0.117573
