49999
50000
99999
100000
149999
150000
199999
200000
249999
250000
299999
300000
349999
350000
399999
400000
449999
450000
499999
500000
549999
550000
599999
600000
649999
650000
699999
700000
749999
750000
799999
800000
849999
850000
899999
900000
949999
950000
999999
1000000
1049999
1050000
1099999
1100000
1149999
1150000
1199999
1200000
1249999
1250000
1299999
1300000
1349999
1350000
1399999
1400000
1449999
1450000
1499999
1500000
1549999
1550000
1599999
1600000
1649999
1650000
1699999
1700000
1749999
1750000
1799999
1800000
1849999
1850000
1899999
1900000
1949999
1950000
1999999
2000000
2049999
2050000
2099999
2100000
2149999
2150000
2199999
2200000
2249999
2250000
2299999
2300000
2349999
2350000
2399999
2400000
2449999
2450000
2499999
2500000
