987
1948
2872
3756
4645
5491
6294
7080
7886
8628
9353
10069
10766
11439
12068
12709
13323
13896
14454
14996
15515
16018
16500
16968
17454
17930
18377
18788
19219
19668
20066
20445
20793
21175
21539
21882
22215
22548
22828
23143
23432
23701
23990
24250
24505
24766
25003
25261
25490
25688
25898
26101
26302
26480
26666
26838
27001
27180
27351
27506
27662
27806
27947
28075
28234
28371
28494
28632
28747
28861
28969
29087
29197
29300
29409
29530
29623
29716
29801
29895
29972
30045
30116
30200
30265
30316
30382
30462
30534
30603
30664
30731
30795
30861
30924
30982
31035
31080
31146
31196
