0.00100422
0.00108695
0.000999928
0
0.000993967
0.000991106
0.000993967
0
0.00100398
0.00099206
0
0.000995874
0.00099802
0.000994921
0.000555038
0
0.00108099
0.000995159
0.00099802
0.000916958
0.000603914
0.00100994
0.000311136
0.00108194
0
0.00109696
0.000926018
0.00107408
0
0.00159883
0.000961065
0.000614166
0
0.00108886
0.00099206
0
0.000998974
0.000993967
0.000996113
0
0.000998974
0.000916958
0.000997066
0.00103593
0
0.0015471
0.00100088
0.00103211
0
0.00104094
0.00098896
0.00092411
0.00107098
0
0.00099802
0.000997782
0
0.00099206
0.00099802
0
0.00158596
0.000609159
0.000370979
0.00100493
0.00099802
0.000999928
0.00199413
0
0.000995874
0.000995159
0.000997782
0.00099206
0.00102997
0
0.00158596
0.000379086
0.00108409
0
0
0.00159597
0.00109696
0.000915051
0.00107598
0
0.00100398
0.00099206
0.000999928
0
0.000996113
0.00100398
0.000545979
0.00100088
0
0.000997066
0.00107098
0
0.000993967
0.000996113
0
0.00099802
