4950000
4900000
4850000
4800000
4750000
4700000
4650000
4600000
4550000
4500000
4450000
4400000
4350000
4300000
4250000
4200000
4150000
4100000
4050000
4000000
3950000
3900000
3850000
3800000
3750000
3700000
3650000
3600000
3550000
3500000
3450000
3400000
3350000
3300000
3250000
3200000
3150000
3100000
3050000
3000000
2950000
2900000
2850000
2800000
2750000
2700000
2650000
2600000
2550000
2500000
2450000
2400000
2350000
2300000
2250000
2200000
2150000
2100000
2050000
2000000
1950000
1900000
1850000
1800000
1750000
1700000
1650000
1600000
1550000
1500000
1450000
1400000
1350000
1300000
1250000
1200000
1150000
1100000
1050000
1000000
950000
900000
850000
800000
750000
700000
650000
600000
550000
500000
450000
400000
350000
300000
250000
200000
150000
100000
50000
0
