0
0.00251508
0
0
0.00750303
0.00503087
0.00300217
0.0038178
0.0045321
0.00360394
0
0.00450206
0.00551009
0.00262284
0.00251102
0
0.00509906
0.00500202
0.00300193
0.00209713
0.0050149
0.00101209
0.00351191
0.00502801
0.00500202
0.00301099
0
0
0.00810504
0
0.00800014
0.00109982
0.00500202
0.002002
0.00301003
0.00503707
0
0.00509286
0.00550413
0
0.00560093
0
0
0.00850201
0.00502801
0.00300813
0.002002
0.00500488
0.00100207
0.00400186
0.00401306
0
0.00803399
0
0
0.008003
0.00504613
0.00301194
0.00201106
0
0.00603199
0.00410581
0.00401306
0.00251198
0.00303817
0.00253677
0
0.00751305
0.005054
0.00512218
0.006006
0.00411892
0.00510907
0.00509977
0.002002
0
0.00750208
0
0.00806403
0.0020051
0.00503397
0.00101185
0.00409818
0.00650382
0.00350714
0.00209785
0
0
0.00810814
0.00500202
0.00300193
0.00159907
0.00500202
0.00150204
0.00360179
0.00500202
0
0.00509405
0.00300193
0
