0
0
0
0
0.00198889
0
0
0.00110984
0
0.000993967
0
0.000927925
0.000996113
0
0
0
0.00331831
0
0.000324011
0.000239134
0.00199628
0
0
0.000997066
0.00159407
0
0.00158095
0.00108409
0
0
0
0
0
0.000962019
0
0
0
0.00199008
0.00148821
0
0
0.000996113
0.00206304
0
0.00202107
0.00299001
0.00110221
0
0
0.00494909
6.48499e-005
0
0
0.000996113
0.000538826
0.000999212
0.00451517
0
0
0
0
0
0.00151515
0
0.00103498
0.00191092
0.00102115
0.00050211
0.00200605
0.000552893
0
0.000996113
0.00102901
0.00270367
0.00099802
0
0.00615215
0.000910044
0.00221038
0.000298023
0.00131202
0.000996113
0.00191712
0.000922203
0.00250101
0.00159502
0.00244308
0.00266695
0.000994921
0.00257826
0
0.00301385
0.000111103
0
0.00205588
